cat > product_ids.txt <<'IDS'
1
2
7
8
9
10
11
12
13
15
16
17
18
20
23
24
25
26
27
28
29
30
31
32
33
34
35
37
38
39
40
41
43
44
45
46
48
49
50
51
52
53
54
55
56
57
58
59
60
62
63
64
65
66
67
68
69
70
71
72
75
77
78
80
81
82
83
96
97
98
99
100
101
102
103
104
105
106
107
108
109
110
111
112
117
120
121
122
123
124
125
126
127
129
130
132
137
138
139
141
142
147
148
149
150
151
155
156
163
202
206
4137
4139
4165
4902
4904
5528
5529
5530
5531
5534
5535
5537
5538
5539
5541
5546
5547
5557
5585
7028
7029
7030
7324
7326
7332
7334
7543
7544
7545
7546
7547
7548
7549
7550
7551
7552
7553
7554
7555
7557
7567
14672
14676
14678
14679
14959
14960
14972
14975
14978
14979
14980
14981
14982
14983
14985
14987
14988
15005
15006
15007
15008
15010
15011
15022
15193
16930
IDS
